Date	Open	High	Low	Close	Volume
2019/7/26	4.58	4.7	4.44	4.63	1865301245.00 
2019/7/25	4.6	4.69	4.48	4.58	2154005332.00 
2019/7/24	4.15	4.61	4.02	4.6	2832405724.00 
2019/7/23	4.13	4.27	3.98	4.16	1788184058.00 
2019/7/22	4.33	4.38	3.99	4.13	1790906424.00 
2019/7/21	4.32	4.35	4.18	4.33	1695848081.00 
2019/7/20	4.05	4.46	4.02	4.32	1891594202.00 
2019/7/19	4.12	4.16	3.89	4.05	1641543190.00 
2019/7/18	3.84	4.2	3.79	4.12	2262006981.00 
2019/7/17	3.67	4.08	3.57	3.85	2857605313.00 
2019/7/16	4.32	4.37	3.45	3.68	2758129736.00 
2019/7/15	4.12	4.41	4.05	4.32	2530598549.00 
2019/7/14	4.76	4.77	4.11	4.12	2477639003.00 
2019/7/13	4.82	4.82	4.62	4.75	2124047808.00 
2019/7/12	4.69	4.87	4.64	4.82	2184467097.00 
2019/7/11	5.29	5.29	4.5	4.69	3378138041.00 
2019/7/10	5.9	5.93	5.09	5.29	3397970313.00 
2019/7/9	5.98	6.06	5.86	5.9	2231732195.00 
2019/7/8	5.95	6.02	5.88	5.98	2099452335.00 
2019/7/7	5.76	6.03	5.74	5.96	1869752912.00 
2019/7/6	5.76	5.97	5.72	5.76	1962520397.00 
2019/7/5	5.75	5.87	5.7	5.76	2075656693.00 
2019/7/4	6.09	6.1	5.71	5.75	2384433838.00 
2019/7/3	5.9	6.13	5.87	6.11	2759715000.00 
2019/7/2	6.02	6.1	5.58	5.9	3087391996.00 
2019/7/1	5.76	6.03	5.57	6.02	3020205062.00 
2019/6/30	6.39	6.42	5.7	5.77	2701782654.00 
2019/6/29	6.26	6.4	6.03	6.4	2935339571.00 
2019/6/28	5.91	6.27	5.7	6.26	3688799077.00 
2019/6/27	6.78	6.8	5.62	5.9	4299145527.00 
2019/6/26	7.2	7.43	6.21	6.77	4837563636.00 
2019/6/25	7.23	7.29	7.01	7.2	2602026087.00 
2019/6/24	7.25	7.26	7.09	7.23	2210224932.00 
2019/6/23	7.47	7.59	7.2	7.25	2469803493.00 
2019/6/22	7.09	7.58	7.08	7.47	3627262161.00 
2019/6/21	6.85	7.16	6.85	7.09	2426965973.00 
2019/6/20	6.87	6.88	6.72	6.84	1928502328.00 
2019/6/19	6.8	6.96	6.78	6.87	1552797807.00 
2019/6/18	7.14	7.16	6.7	6.8	1790743371.00 
2019/6/17	6.99	7.23	6.99	7.13	1782858839.00 
2019/6/16	6.9	7.2	6.83	6.99	2909408358.00 
2019/6/15	6.59	6.94	6.57	6.9	2436436633.00 
2019/6/14	6.47	6.59	6.39	6.59	2098241794.00 
2019/6/13	6.43	6.6	6.43	6.46	2293386383.00 
2019/6/12	6.34	6.46	6.27	6.44	2118767905.00 
2019/6/11	6.44	6.47	6.2	6.34	2064104530.00 
2019/6/10	6.17	6.46	6.08	6.42	2306492218.00 
2019/6/9	6.41	6.47	6.06	6.17	2202476171.00 
2019/6/8	6.66	6.7	6.27	6.41	2287769439.00 
2019/6/7	6.39	6.79	6.34	6.66	2615153751.00 
2019/6/6	6.45	6.48	6.02	6.39	2666958724.00 
2019/6/5	6.32	6.51	6.22	6.45	3062300914.00 
2019/6/4	6.8	6.87	6.13	6.31	3898851096.00 
2019/6/3	7.77	7.77	6.75	6.8	3932329538.00 
2019/6/2	7.79	8.01	7.55	7.77	3942017078.00 
2019/6/1	8.52	8.59	7.67	7.78	5184333210.00 
2019/5/31	7.37	8.57	7.26	8.51	5200745770.00 
2019/5/30	7.97	8.44	7.08	7.37	4903140101.00 
2019/5/29	8.05	8.19	7.62	7.98	3602319520.00 
2019/5/28	7.97	8.1	7.72	8.05	4437847406.00 
2019/5/27	6.9	8.09	6.85	7.98	4977823905.00 
2019/5/26	6.39	6.91	6.27	6.91	2843299025.00 
2019/5/25	6.41	6.53	6.31	6.39	2217343502.00 
2019/5/24	6.05	6.56	6	6.4	2697999059.00 
2019/5/23	5.97	6.09	5.8	6.05	2191446373.00 
2019/5/22	6.29	6.34	5.9	5.97	2305368883.00 
2019/5/21	6.25	6.37	6.13	6.29	2164121707.00 
2019/5/20	6.5	6.5	6.07	6.25	2532017792.00 
2019/5/19	5.89	6.56	5.87	6.49	2978376566.00 
2019/5/18	6.02	6.06	5.86	5.89	2232747861.00 
2019/5/17	6.5	6.56	5.78	6.02	3902624012.00 
2019/5/16	6.47	6.86	6.33	6.5	4126880970.00 
2019/5/15	6.04	6.51	6	6.48	3494184733.00 
2019/5/14	5.57	6.15	5.56	6.05	3961229989.00 
2019/5/13	5.32	5.79	5.29	5.58	2798234857.00 
2019/5/12	5.55	5.72	5.24	5.32	3301874542.00 
2019/5/11	4.83	5.77	4.83	5.53	4256454605.00 
2019/5/10	4.85	4.91	4.64	4.83	2371523898.00 
2019/5/9	4.9	4.98	4.79	4.85	1744560659.00 
2019/5/8	4.86	4.91	4.78	4.9	1637626066.00 
2019/5/7	4.9	5.03	4.83	4.87	2112494046.00 
2019/5/6	4.9	4.98	4.69	4.9	2076446562.00 
2019/5/5	4.96	5	4.83	4.9	1735122033.00 
2019/5/4	5.08	5.17	4.83	4.96	2223102130.00 
2019/5/3	4.79	5.15	4.76	5.09	2319344666.00 
2019/5/2	4.78	4.81	4.69	4.79	1750854741.00 
2019/5/1	4.83	4.86	4.71	4.78	1713346160.00 
2019/4/30	4.53	4.84	4.53	4.83	1917938501.00 
2019/4/29	4.72	4.76	4.48	4.53	1796270983.00 
2019/4/28	4.72	4.77	4.67	4.72	1449287796.00 
2019/4/27	4.75	4.78	4.68	4.71	1475970644.00 
2019/4/26	4.6	4.83	4.53	4.74	2442763576.00 
2019/4/25	4.82	4.88	4.56	4.59	2291830856.00 
2019/4/24	5.17	5.19	4.65	4.81	2836645834.00 
2019/4/23	5.25	5.4	5.18	5.18	2210839457.00 
2019/4/22	5.24	5.31	5.16	5.25	1906234626.00 
2019/4/21	5.47	5.48	5.06	5.25	2308380252.00 
2019/4/20	5.49	5.53	5.42	5.47	1709261114.00 
2019/4/19	5.5	5.51	5.38	5.49	1953198646.00 
2019/4/18	5.46	5.56	5.45	5.5	2055060079.00 
2019/4/17	5.55	5.62	5.34	5.46	1866843512.00 
2019/4/16	5.38	5.55	5.33	5.55	1973239515.00 
2019/4/15	5.55	5.6	5.31	5.38	2415852193.00 
2019/4/14	5.34	5.56	5.25	5.55	1965356809.00 
2019/4/13	5.38	5.42	5.27	5.34	1964203200.00 
2019/4/12	5.34	5.44	5.12	5.38	2538570582.00 
2019/4/11	5.84	5.85	5.19	5.34	3707924720.00 
2019/4/10	5.56	5.97	5.55	5.84	3793533817.00 
2019/4/9	5.55	5.63	5.39	5.56	3114223749.00 
2019/4/8	5.46	5.64	5.31	5.55	3407426898.00 
2019/4/7	5.34	5.51	5.31	5.46	2614787950.00 
2019/4/6	5.34	5.65	5.21	5.35	2902980596.00 
2019/4/5	5.08	5.35	5.08	5.34	2649804917.00 
2019/4/4	5.23	5.34	4.93	5.08	3361491105.00 
2019/4/3	5.03	5.87	4.99	5.22	5394932035.00 
2019/4/2	4.2	5.07	4.17	5.03	4508306993.00 
2019/4/1	4.17	4.22	4.15	4.2	1815234453.00 
2019/3/31	4.14	4.23	4.09	4.18	1688714791.00 
2019/3/30	4.28	4.43	4.06	4.14	1980145805.00 
2019/3/29	4.27	4.36	4.2	4.28	2376111090.00 
2019/3/28	4.31	4.36	4.22	4.27	2090072792.00 
2019/3/27	3.76	4.35	3.75	4.32	3426747980.00 
2019/3/26	3.68	3.76	3.64	3.76	1619501867.00 
2019/3/25	3.66	3.69	3.63	3.68	1670437628.00 
2019/3/24	3.69	3.69	3.63	3.66	1459311466.00 
2019/3/23	3.64	3.72	3.64	3.69	1455344537.00 
2019/3/22	3.66	3.69	3.63	3.65	1361397468.00 
2019/3/21	3.75	3.76	3.62	3.67	1589560904.00 
2019/3/20	3.78	3.78	3.62	3.75	1439034494.00 
2019/3/19	3.75	3.79	3.73	3.78	1241517191.00 
2019/3/18	3.78	3.81	3.73	3.75	1465685317.00 
2019/3/17	3.83	3.84	3.77	3.78	1179827903.00 
2019/3/16	3.72	3.85	3.72	3.83	1734038541.00 
2019/3/15	3.61	3.74	3.61	3.72	1659502982.00 
2019/3/14	3.61	3.66	3.57	3.61	1484695823.00 
2019/3/13	3.67	3.68	3.56	3.62	1684463419.00 
2019/3/12	3.6	3.71	3.49	3.66	1821147442.00 
2019/3/11	3.73	3.76	3.55	3.6	1600799426.00 
2019/3/10	3.77	3.78	3.7	3.74	1375200235.00 
2019/3/9	3.63	3.82	3.63	3.77	1788535105.00 
2019/3/8	3.79	3.8	3.57	3.63	1654702858.00 
2019/3/7	3.77	3.91	3.75	3.79	1709256122.00 
2019/3/6	3.79	3.86	3.66	3.77	1927523149.00 
2019/3/5	3.28	3.8	3.25	3.78	2094488255.00 
2019/3/4	3.55	3.57	3.21	3.28	1622012459.00 
2019/3/3	3.52	3.61	3.52	3.55	1053719011.00 
2019/3/2	3.5	3.56	3.47	3.52	1146398595.00 
2019/3/1	3.54	3.69	3.49	3.52	1318189790.00 
2019/2/28	3.54	3.64	3.52	3.54	1353651826.00 
2019/2/27	3.48	3.56	3.43	3.53	1376946609.00 
2019/2/26	3.6	3.6	3.39	3.47	1482508113.00 
2019/2/25	3.58	3.73	3.42	3.59	1903389281.00 
2019/2/24	4.28	4.44	3.53	3.59	2406373954.00 
2019/2/23	3.88	4.28	3.82	4.27	1609352207.00 
2019/2/22	3.8	3.9	3.77	3.89	1413643823.00 
2019/2/21	3.93	3.93	3.73	3.81	1392322652.00 
2019/2/20	3.55	3.92	3.52	3.92	1914563883.00 
2019/2/19	3.51	3.79	3.49	3.57	2028171138.00 
2019/2/18	2.88	3.5	2.87	3.47	1867708700.00 
2019/2/17	2.8	2.89	2.8	2.88	893315803.00 
2019/2/16	2.8	2.87	2.79	2.82	750356324.00 
2019/2/15	2.75	2.84	2.75	2.8	844521264.00 
2019/2/14	2.87	2.89	2.74	2.75	926826863.00 
2019/2/13	2.95	2.99	2.83	2.88	985005906.00 
2019/2/12	2.76	2.98	2.74	2.95	993123027.00 
2019/2/11	2.85	2.85	2.73	2.76	835068730.00 
2019/2/10	2.77	2.84	2.68	2.84	936574263.00 
2019/2/9	2.73	2.81	2.69	2.78	955886280.00 
2019/2/8	2.35	2.75	2.34	2.72	1089618269.00 
2019/2/7	2.35	2.37	2.33	2.35	490454851.00 
2019/2/6	2.39	2.39	2.32	2.35	491346170.00 
2019/2/5	2.4	2.4	2.38	2.39	528454306.00 
2019/2/4	2.38	2.42	2.37	2.4	542186549.00 
2019/2/3	2.43	2.43	2.36	2.38	567625069.00 
2019/2/2	2.34	2.44	2.33	2.43	613998325.00 
2019/2/1	2.32	2.35	2.29	2.34	648027079.00 
2019/1/31	2.34	2.36	2.3	2.32	678924605.00 
2019/1/30	2.27	2.35	2.25	2.34	814229781.00 
2019/1/29	2.25	2.32	2.21	2.28	807914540.00 
2019/1/28	2.38	2.38	2.2	2.25	860063876.00 
2019/1/27	2.43	2.45	2.36	2.38	780419369.00 
2019/1/26	2.45	2.48	2.43	2.44	610470886.00 
2019/1/25	2.46	2.47	2.43	2.45	630943289.00 
2019/1/24	2.44	2.47	2.41	2.45	662563042.00 
2019/1/23	2.45	2.47	2.42	2.44	630931520.00 
2019/1/22	2.35	2.5	2.33	2.45	737422547.00 
2019/1/21	2.37	2.39	2.34	2.35	681202741.00 
2019/1/20	2.48	2.49	2.34	2.37	971352022.00 
2019/1/19	2.47	2.53	2.46	2.49	738761772.00 
2019/1/18	2.52	2.53	2.43	2.47	755857709.00 
2019/1/17	2.44	2.52	2.41	2.52	776197591.00 
2019/1/16	2.4	2.46	2.39	2.45	676246815.00 
2019/1/15	2.48	2.48	2.38	2.4	742818854.00 
2019/1/14	2.26	2.49	2.26	2.48	754055929.00 
2019/1/13	2.43	2.44	2.24	2.26	654710955.00 
2019/1/12	2.42	2.45	2.41	2.43	676904282.00 
2019/1/11	2.43	2.46	2.39	2.42	839425934.00 
2019/1/10	2.91	2.98	2.38	2.44	1205353503.00 
2019/1/9	2.8	2.96	2.79	2.91	734853519.00 
2019/1/8	2.77	2.87	2.74	2.8	672422514.00 
2019/1/7	2.88	2.89	2.75	2.77	747456993.00 
2019/1/6	2.7	2.92	2.65	2.88	867964715.00 
2019/1/5	2.72	2.77	2.7	2.7	750751760.00 
2019/1/4	2.69	2.78	2.63	2.72	723318560.00 
2019/1/3	2.88	2.88	2.64	2.68	636865311.00 
2019/1/2	2.67	2.91	2.64	2.89	808413256.00 
2019/1/1	2.57	2.67	2.53	2.66	675099229.00 
2018/12/31	2.68	2.68	2.53	2.57	737955581.00 
2018/12/30	2.63	2.69	2.57	2.68	678199674.00 
2018/12/29	2.66	2.78	2.61	2.63	832583860.00 
2018/12/28	2.32	2.71	2.3	2.65	912368604.00 
2018/12/27	2.6	2.62	2.31	2.32	786076003.00 
2018/12/26	2.53	2.69	2.51	2.6	919041942.00 
2018/12/25	2.77	2.77	2.44	2.52	1040752729.00 
2018/12/24	2.82	3.1	2.79	2.79	1205992715.00 
2018/12/23	2.63	2.98	2.62	2.82	1098757163.00 
2018/12/22	2.62	2.64	2.5	2.62	826024877.00 
2018/12/21	2.73	2.81	2.54	2.62	1034421052.00 
2018/12/20	2.48	2.78	2.46	2.75	1338384673.00 
2018/12/19	2.65	2.79	2.49	2.5	1267475702.00 
2018/12/18	2.4	2.68	2.38	2.64	1357427909.00 
2018/12/17	1.92	2.46	1.92	2.4	1035073029.00 
2018/12/16	1.9	1.97	1.89	1.92	592700281.00 
2018/12/15	1.82	1.92	1.81	1.9	514205945.00 
2018/12/14	1.85	1.89	1.77	1.83	608056107.00 
2018/12/13	1.98	1.99	1.84	1.85	612212508.00 
2018/12/12	1.85	2.04	1.84	1.98	684689882.00 
2018/12/11	1.93	1.95	1.8	1.85	769874104.00 
2018/12/10	2.02	2.07	1.92	1.94	867574172.00 
2018/12/9	1.84	2.1	1.78	2.03	813391106.00 
2018/12/8	1.74	1.92	1.65	1.84	847786798.00 
2018/12/7	1.86	1.86	1.56	1.74	937285229.00 
2018/12/6	2.2	2.25	1.86	1.87	771704763.00 
2018/12/5	2.46	2.46	2.18	2.2	843118459.00 
2018/12/4	2.59	2.61	2.34	2.46	770915653.00 
2018/12/3	2.85	2.86	2.54	2.59	798359633.00 
2018/12/2	2.95	3.03	2.83	2.85	740214948.00 
2018/12/1	2.89	3.03	2.84	2.96	814784417.00 
2018/11/30	3.03	3.07	2.81	2.88	887904092.00 
2018/11/29	3.29	3.3	2.93	3.02	896394060.00 
2018/11/28	3.03	3.37	3.03	3.28	860148000.00 
2018/11/27	3.18	3.18	2.9	3.03	957723000.00 
2018/11/26	3.35	3.41	3.08	3.18	984528000.00 
2018/11/25	3.27	3.43	3.03	3.35	1057330000.00 
2018/11/24	3.61	3.66	3.17	3.26	796038000.00 
2018/11/23	3.52	3.65	3.44	3.6	891425000.00 
2018/11/22	3.81	3.84	3.55	3.55	694359000.00 
2018/11/21	3.74	3.87	3.59	3.81	965961000.00 
2018/11/20	4.07	4.16	3.46	3.71	1305960000.00 
2018/11/19	4.6	4.6	4.02	4.08	1193950000.00 
2018/11/18	4.58	4.64	4.56	4.59	750443000.00 
2018/11/17	4.55	4.58	4.51	4.57	773374000.00 
2018/11/16	4.69	4.72	4.49	4.55	923308000.00 
2018/11/15	4.64	4.69	4.26	4.69	1265280000.00 
2018/11/14	5.22	5.24	4.48	4.64	1244140000.00 
2018/11/13	5.4	5.41	5.16	5.23	766307000.00 
2018/11/12	5.45	5.46	5.36	5.4	606714000.00 
2018/11/11	5.41	5.44	5.29	5.44	729699000.00 
2018/11/10	5.38	5.45	5.37	5.42	595931000.00 
2018/11/9	5.5	5.53	5.37	5.38	719946000.00 
2018/11/8	5.64	5.66	5.5	5.5	655039000.00 
2018/11/7	5.73	5.77	5.62	5.65	719042000.00 
2018/11/6	5.48	5.73	5.47	5.73	776546000.00 
2018/11/5	5.44	5.51	5.41	5.47	681390000.00 
2018/11/4	5.31	5.47	5.29	5.45	736521000.00 
2018/11/3	5.36	5.36	5.29	5.31	624348000.00 
2018/11/2	5.28	5.38	5.28	5.36	668222000.00 
2018/11/1	5.2	5.53	5.19	5.28	560423000.00 
2018/10/31	5.14	5.22	5.12	5.2	646592000.00 
2018/10/30	5.15	5.16	5.11	5.14	562212000.00 
2018/10/29	5.41	5.43	5.08	5.15	578423000.00 
2018/10/28	5.4	5.43	5.38	5.43	382333000.00 
2018/10/27	5.39	5.41	5.36	5.38	415957000.00 
2018/10/26	5.37	5.41	5.33	5.39	355795000.00 
2018/10/25	5.38	5.4	5.36	5.37	291321000.00 
2018/10/24	5.41	5.44	5.37	5.38	312068000.00 
2018/10/23	5.38	5.43	5.35	5.42	329169000.00 
2018/10/22	5.41	5.48	5.37	5.38	348657000.00 
2018/10/21	5.37	5.5	5.36	5.42	443995000.00 
2018/10/20	5.34	5.42	5.33	5.37	366171000.00 
2018/10/19	5.36	5.37	5.29	5.33	378435000.00 
2018/10/18	5.42	5.45	5.32	5.35	440484000.00 
2018/10/17	5.45	5.46	5.37	5.41	401459000.00 
2018/10/16	5.48	5.51	5.4	5.44	425119000.00 
2018/10/15	5.16	5.64	5.11	5.47	918475000.00 
2018/10/14	5.25	5.28	5.16	5.17	372903000.00 
2018/10/13	5.18	5.28	5.18	5.25	362609000.00 
2018/10/12	5.04	5.24	5.03	5.18	525307000.00 
2018/10/11	5.88	5.88	5.07	5.08	758737000.00 
2018/10/10	5.89	5.9	5.81	5.88	533169000.00 
2018/10/9	5.92	5.94	5.84	5.91	538883000.00 
2018/10/8	5.77	5.99	5.72	5.91	627571000.00 
2018/10/7	5.73	5.79	5.66	5.76	525930000.00 
2018/10/6	5.81	5.82	5.7	5.73	486075000.00 
2018/10/5	5.79	5.83	5.69	5.81	554553000.00 
2018/10/4	5.63	5.85	5.61	5.78	613679000.00 
2018/10/3	5.61	5.64	5.49	5.62	595740000.00 
2018/10/2	5.74	5.76	5.58	5.65	564671000.00 
2018/10/1	5.74	5.8	5.57	5.74	695608000.00 
2018/9/30	5.76	5.88	5.45	5.72	828008000.00 
2018/9/29	5.76	5.81	5.52	5.76	678214000.00 
2018/9/28	5.83	6.02	5.71	5.77	840105000.00 
2018/9/27	5.56	5.88	5.41	5.82	753645000.00 
2018/9/26	5.39	5.73	5.27	5.56	683187000.00 
2018/9/25	5.68	5.68	5.08	5.38	891486000.00 
2018/9/24	6.02	6.03	5.63	5.68	654906000.00 
2018/9/23	5.95	6.1	5.84	6.02	686260000.00 
2018/9/22	6.18	6.22	5.81	5.93	669024000.00 
2018/9/21	5.75	6.15	5.65	6.14	1088760000.00 
2018/9/20	5.25	5.77	5.2	5.74	703866000.00 
2018/9/19	5.06	5.29	4.97	5.23	622045000.00 
2018/9/18	4.86	5.25	4.81	5.1	658606000.00 
2018/9/17	5.43	5.46	4.76	4.89	696413000.00 
2018/9/16	5.38	5.46	5.25	5.42	477706000.00 
2018/9/15	5.25	5.48	5.25	5.4	508734000.00 
2018/9/14	5.42	5.52	5.18	5.27	606576000.00 
2018/9/13	4.96	5.51	4.95	5.39	718438000.00 
2018/9/12	5	5	4.8	4.94	707279000.00 
2018/9/11	5.07	5.08	4.79	4.98	582087000.00 
2018/9/10	4.99	5.09	4.94	5.04	536130000.00 
2018/9/9	4.76	5.18	4.71	4.97	621964000.00 
2018/9/8	5.1	5.19	4.69	4.76	531005000.00 
2018/9/7	5.23	5.33	5	5.09	651853000.00 
2018/9/6	5.21	5.24	4.97	5.24	844070000.00 
2018/9/5	6.48	6.57	5.22	5.22	1009270000.00 
2018/9/4	6.46	6.6	6.36	6.48	765275000.00 
2018/9/3	6.64	6.68	6.39	6.47	720704000.00 
2018/9/2	6.65	6.67	6.35	6.6	903575000.00 
2018/9/1	6.44	6.73	6.44	6.64	746530000.00 
2018/8/31	6.06	6.46	5.96	6.43	899621000.00 
2018/8/30	6.12	6.24	5.8	6.08	744458000.00 
2018/8/29	5.9	6.44	5.8	6.12	955876000.00 
2018/8/28	5.35	5.95	5.3	5.9	622686000.00 
2018/8/27	4.95	5.36	4.93	5.36	552155000.00 
2018/8/26	5.04	5.05	4.87	4.95	361901000.00 
2018/8/25	5.06	5.06	4.94	5.05	356801000.00 
2018/8/24	4.91	5.08	4.83	5.05	616336000.00 
2018/8/23	4.73	4.93	4.7	4.92	442313000.00 
2018/8/22	4.91	5.27	4.6	4.72	571812000.00 
2018/8/21	4.73	4.94	4.72	4.91	412303000.00 
2018/8/20	5.3	5.35	4.74	4.76	560766000.00 
2018/8/19	5.1	5.38	5.01	5.31	659969000.00 
2018/8/18	5.54	5.62	4.9	5.1	824713000.00 
2018/8/17	4.52	5.51	4.52	5.51	1009130000.00 
2018/8/16	4.64	4.81	4.49	4.52	654120000.00 
2018/8/15	4.66	4.9	4.58	4.64	692546000.00 
2018/8/14	4.62	4.62	4.27	4.58	588931000.00 
2018/8/13	5.01	5.2	4.55	4.62	666517000.00 
2018/8/12	5.03	5.19	4.99	5.01	602163000.00 
2018/8/11	5.28	5.28	4.91	5.02	651458000.00 
2018/8/10	5.8	5.86	5.22	5.28	771704000.00 
2018/8/9	5.61	5.95	5.48	5.8	711726000.00 
2018/8/8	6.6	6.6	5.48	5.59	885000000.00 
2018/8/7	7.06	7.18	6.59	6.61	572786000.00 
2018/8/6	7.06	7.17	6.97	7.07	477949000.00 
2018/8/5	7	7.08	6.95	7.06	481289000.00 
2018/8/4	7.2	7.3	6.92	6.99	465467000.00 
2018/8/3	7.05	7.26	6.92	7.2	521404000.00 
2018/8/2	7.24	7.33	6.96	7.06	559363000.00 
2018/8/1	7.36	7.39	6.98	7.26	699077000.00 
2018/7/31	7.77	7.77	7.18	7.37	708842000.00 
2018/7/30	8.34	8.34	7.5	7.77	849398000.00 
2018/7/29	8.34	8.42	8.17	8.34	615336000.00 
2018/7/28	8.43	8.43	8.15	8.32	527104000.00 
2018/7/27	8.31	8.51	8.03	8.41	694945984.00 
2018/7/26	8.52	8.79	8.25	8.32	644028992.00 
2018/7/25	8.56	8.84	8.38	8.51	835307008.00 
2018/7/24	7.97	8.62	7.79	8.6	1007480000.00 
2018/7/23	7.88	8.39	7.88	7.97	630787008.00 
2018/7/22	8.02	8.24	7.82	7.9	497159008.00 
2018/7/21	7.9	8.24	7.7	8.05	551660032.00 
2018/7/20	8.4	8.43	7.8	7.9	810102976.00 
2018/7/19	8.58	8.7	8.19	8.39	852908992.00 
2018/7/18	8.77	9.21	8.46	8.61	929459008.00 
2018/7/17	8.07	8.91	7.87	8.78	847793984.00 
2018/7/16	7.4	8.11	7.27	8.11	716972032.00 
2018/7/15	6.98	7.52	6.92	7.4	501440000.00 
2018/7/14	6.96	7.09	6.85	6.99	396983008.00 
2018/7/13	6.91	7.22	6.79	6.96	586718016.00 
2018/7/12	7.17	7.18	6.65	6.9	597379968.00 
2018/7/11	7.21	7.41	6.85	7.19	599606976.00 
2018/7/10	7.75	7.85	7.18	7.21	707110016.00 
2018/7/9	8.71	8.74	7.7	7.75	707878016.00 
2018/7/8	9.04	9.14	8.7	8.71	491667008.00 
2018/7/7	8.67	9.02	8.47	9.02	490260992.00 
2018/7/6	8.9	8.92	8.3	8.68	604649984.00 
2018/7/5	8.88	9.15	8.73	8.93	958548992.00 
2018/7/4	8.85	9.39	8.56	8.89	935387008.00 
2018/7/3	8.91	9.35	8.77	8.84	1006099968.00 
2018/7/2	8.14	8.99	7.94	8.89	1024129984.00 
2018/7/1	8.15	8.22	7.81	8.13	621643008.00 
2018/6/30	7.74	8.25	7.74	8.13	832537984.00 
2018/6/29	7.47	7.85	7.18	7.73	802745984.00 
2018/6/28	8.01	8.05	7.39	7.45	724915008.00 
2018/6/27	7.48	8.18	7.41	8.01	716035968.00 
2018/6/26	8.26	8.3	7.49	7.51	629339008.00 
2018/6/25	8.07	8.51	7.77	8.24	905011968.00 
2018/6/24	8.46	8.46	7.1	8.09	1397600000.00 
2018/6/23	8.67	8.79	8.19	8.41	709977024.00 
2018/6/22	10.42	10.44	8.48	8.66	1258310016.00 
2018/6/21	10.43	10.8	10.28	10.42	662139008.00 
2018/6/20	10.73	10.77	10.18	10.42	852286976.00 
2018/6/19	10.72	10.84	10.5	10.73	715926016.00 
2018/6/18	10.44	10.83	10.23	10.72	720630016.00 
2018/6/17	10.63	10.76	10.43	10.44	432120992.00 
2018/6/16	10.65	10.81	10.35	10.63	680969984.00 
2018/6/15	11.29	11.29	10.57	10.66	936732992.00 
2018/6/14	10.17	11.57	9.73	11.3	1409440000.00 
2018/6/13	10.26	10.34	9.44	10.15	1266409984.00 
2018/6/12	11.55	11.55	9.96	10.22	1052700032.00 
2018/6/11	11.31	11.64	10.65	11.59	1570569984.00 
2018/6/10	14.04	14.04	10.56	11.39	2317139968.00 
2018/6/9	14.04	14.82	14.04	14.1	1175320064.00 
2018/6/8	14.57	14.72	13.71	14.04	1105590016.00 
2018/6/7	13.99	14.59	13.74	14.59	1017480000.00 
2018/6/6	14.25	14.26	13.48	13.94	1022289984.00 
2018/6/5	13.58	14.23	12.97	14.2	1445139968.00 
2018/6/4	14.6	14.82	13.39	13.55	1297159936.00 
2018/6/3	14.81	15.29	14.29	14.62	1631840000.00 
2018/6/2	12.29	15.61	12.2	14.74	2884720128.00 
2018/6/1	12.29	12.4	11.99	12.31	1058150016.00 
2018/5/31	11.97	12.72	11.95	12.28	1142809984.00 
2018/5/30	12.18	12.58	11.81	12.01	1269209984.00 
2018/5/29	11.7	12.49	10.93	12.18	1877299968.00 
2018/5/28	12.5	12.98	11.59	11.64	1580160000.00 
2018/5/27	12.29	12.59	12.15	12.51	939929024.00 
2018/5/26	12.27	12.83	12	12.35	1085629952.00 
2018/5/25	12.81	12.88	11.8	12.29	1624390016.00 
2018/5/24	10.92	12.96	10.53	12.75	2161890048.00 
2018/5/23	12.33	12.46	10.76	10.88	1591750016.00 
2018/5/22	13.52	13.53	12.25	12.27	991158976.00 
2018/5/21	14.03	14.17	13.26	13.51	1063000000.00 
2018/5/20	13.17	14.19	13.05	14.01	1228359936.00 
2018/5/19	13.04	13.35	12.66	13.17	1018750016.00 
2018/5/18	12.37	13.18	12.08	13	1343680000.00 
2018/5/17	12.87	13.94	12.21	12.43	1644329984.00 
2018/5/16	12.93	13.17	12.06	12.77	1534140032.00 
2018/5/15	14.05	14.44	12.65	12.99	1371869952.00 
2018/5/14	14.93	15.02	13.39	14.02	1702960000.00 
2018/5/13	14.23	15.26	13.8	14.94	1589949952.00 
2018/5/12	14.98	15.24	12.59	14.25	3091069952.00 
2018/5/11	17.46	17.78	14.56	14.9	2919820032.00 
2018/5/10	17.97	18.73	17.52	17.54	1287810048.00 
2018/5/9	18.12	18.14	17.28	17.94	1199539968.00 
2018/5/8	17.98	18.88	17.9	18.14	1449939968.00 
2018/5/7	17.67	18.4	16.88	17.98	2000850048.00 
2018/5/6	17.74	17.9	16.86	17.47	1434829952.00 
2018/5/5	17.14	18.57	17.14	17.8	1614729984.00 
2018/5/4	17.71	18.06	16.47	17.15	1749309952.00 
2018/5/3	19.27	19.27	17.18	17.77	2266540032.00 
2018/5/2	18.93	19.51	18.42	19.21	2410370048.00 
2018/5/1	17.67	19.08	16.31	18.95	3330129920.00 
2018/4/30	21.64	21.64	16.86	17.58	4073370112.00 
2018/4/29	18.88	22.89	18.88	21.54	4870720000.00 
2018/4/28	16.69	19.51	16.69	18.87	2728300032.00 
2018/4/27	15.47	17.95	14.99	16.67	2486409984.00 
2018/4/26	14.43	15.49	14	15.49	1566850048.00 
2018/4/25	15.1	15.54	13.6	14.46	3005040128.00 
2018/4/24	11.73	16	11.73	15.31	3223780096.00 
2018/4/23	11.33	11.79	11.32	11.61	662115968.00 
2018/4/22	11.07	11.83	10.81	11.35	1001900032.00 
2018/4/21	11.58	11.65	10.31	11.11	1142259968.00 
2018/4/20	9.51	11.57	9.51	11.45	1512339968.00 
2018/4/19	9.02	9.44	8.96	9.44	554115968.00 
2018/4/18	8.49	9.15	8.49	9.03	518188992.00 
2018/4/17	8.13	8.99	8.09	8.51	798768000.00 
2018/4/16	8.39	8.39	7.84	8.1	455204000.00 
2018/4/15	8.63	8.63	7.72	8.4	861262976.00 
2018/4/14	8.75	8.93	8.08	8.6	811486976.00 
2018/4/13	8.71	9.27	8.53	8.74	936742976.00 
2018/4/12	8.5	9.05	8	8.7	1717360000.00 
2018/4/11	6	8.82	5.99	8.49	1818530048.00 
2018/4/10	5.88	6.07	5.8	6	225494000.00 
2018/4/9	5.98	6.07	5.8	5.87	226564992.00 
2018/4/8	5.9	6.01	5.85	5.97	166915008.00 
2018/4/7	5.88	6.04	5.85	5.91	220028000.00 
2018/4/6	6.36	6.41	5.76	5.89	451440992.00 
2018/4/5	5.72	6.46	5.5	6.4	542464000.00 
2018/4/4	6.11	6.14	5.61	5.73	260820000.00 
2018/4/3	5.9	6.19	5.82	6.13	306368992.00 
2018/4/2	5.68	5.96	5.56	5.89	314995008.00 
2018/4/1	6	6.04	5.25	5.66	401303008.00 
2018/3/31	6.11	6.22	5.96	5.99	224212992.00 
2018/3/30	6.03	6.2	5.86	6.1	506609984.00 
2018/3/29	6.31	6.37	5.92	6.02	626902976.00 
2018/3/28	5.88	6.55	5.82	6.29	616041984.00 
2018/3/27	5.9	6.44	5.28	5.91	877542976.00 
2018/3/26	6.53	6.57	5.42	5.9	553672000.00 
2018/3/25	6.6	6.76	6.49	6.52	274460000.00 
2018/3/24	6.99	7.12	6.63	6.63	357179008.00 
2018/3/23	7.02	7.14	6.42	7.01	846830016.00 
2018/3/22	7.01	7.34	6.32	7.03	1062430016.00 
2018/3/21	6.07	7.24	5.98	7.03	765790016.00 
2018/3/20	6.17	6.4	5.45	6.01	667072000.00 
2018/3/19	4.71	6.36	4.57	6.36	660668992.00 
2018/3/18	4.65	4.68	3.95	4.65	333500992.00 
2018/3/17	5.09	5.11	4.61	4.67	140080000.00 
2018/3/16	5.18	5.32	4.95	5.09	184719008.00 
2018/3/15	5.35	5.38	4.87	5.17	293299008.00 
2018/3/14	5.87	5.97	5.25	5.34	210732992.00 
2018/3/13	5.82	5.98	5.66	5.86	199199008.00 
2018/3/12	6.15	6.23	5.72	5.83	206551008.00 
2018/3/11	5.79	6.24	5.61	6.14	271828992.00 
2018/3/10	6.17	6.5	5.8	5.8	309652992.00 
2018/3/9	6.2	6.24	5.38	6.13	429200992.00 
2018/3/8	6.51	6.76	6.12	6.2	299364992.00 
2018/3/7	7.25	7.37	6.17	6.51	423460000.00 
2018/3/6	8	8	7.16	7.25	233026000.00 
2018/3/5	8.18	8.29	8.05	8.05	183715008.00 
2018/3/4	8	8.18	7.79	8.18	195810000.00 
2018/3/3	8.11	8.3	7.96	8	141850000.00 
2018/3/2	8.68	8.74	8.03	8.09	211631008.00 
2018/3/1	8.39	8.63	8.3	8.63	214126000.00 
2018/2/28	8.53	9.22	8.41	8.41	380052992.00 
2018/2/27	8.17	8.87	8.03	8.57	330184992.00 
2018/2/26	7.9	8.44	7.63	8.13	251184992.00 
2018/2/25	8.18	8.19	7.7	7.9	173548992.00 
2018/2/24	8.57	8.72	7.95	8.19	241756992.00 
2018/2/23	8.05	8.77	7.92	8.58	284364992.00 
2018/2/22	8.74	8.91	7.98	8.09	295638016.00 
2018/2/21	9.27	9.31	8.53	8.76	298552992.00 
2018/2/20	9.69	10.01	9.26	9.28	305780992.00 
2018/2/19	9.37	9.79	9.36	9.68	225362000.00 
2018/2/18	10.16	10.2	9.23	9.38	353808000.00 
2018/2/17	10.01	10.18	9.93	10.15	276848992.00 
2018/2/16	10.15	10.24	9.7	10.02	249798000.00 
2018/2/15	9.94	10.3	9.77	10.17	392064992.00 
2018/2/14	9.23	10.02	9.17	9.97	480308992.00 
2018/2/13	9.18	9.27	8.7	9.21	365436000.00 
2018/2/12	8.45	9.29	8.45	9.18	353976000.00 
2018/2/11	9.09	9.09	8.17	8.41	408012992.00 
2018/2/10	9.61	10.3	8.66	9.1	609065984.00 
2018/2/9	8.5	9.66	8.16	9.65	507606016.00 
2018/2/8	7.66	8.59	7.66	8.51	542067968.00 
2018/2/7	8.35	8.65	7.56	7.61	762883968.00 
2018/2/6	7.17	8.46	5.85	8.34	1304850048.00 
2018/2/5	8.68	8.85	6.94	7.06	640158976.00 
2018/2/4	9.77	10.17	8.45	8.61	588172032.00 
2018/2/3	9.77	10.39	8.59	9.84	736278016.00 
2018/2/2	10.17	10.22	7.64	9.79	1534140032.00 
2018/2/1	12.24	12.4	9.9	10.21	919859008.00 
2018/1/31	11.46	12.33	10.42	12.2	1008809984.00 
2018/1/30	14.03	14.03	11.3	11.56	980342016.00 
2018/1/29	15.03	15.17	13.8	14.01	565307008.00 
2018/1/28	14.34	15.04	14.34	15.02	646950016.00 
2018/1/27	14.34	14.63	13.97	14.27	653830976.00 
2018/1/26	14.28	14.73	13.22	14.34	1444039936.00 
2018/1/25	13.96	14.93	13.7	14.31	1546860032.00 
2018/1/24	13.01	13.86	12.63	13.83	1050800000.00 
2018/1/23	13.57	13.81	11.87	12.97	1614680064.00 
2018/1/22	13.54	15.18	12.85	13.66	2902200064.00 
2018/1/21	15.66	15.66	12.39	13.44	2887800064.00 
2018/1/20	11.25	15.76	11.25	15.52	2777449984.00 
2018/1/19	10.38	11.77	9.92	11.18	845596032.00 
2018/1/18	10.2	11.27	9.89	10.51	1266300032.00 
2018/1/17	10.2	10.57	7.67	10.19	1625250048.00 
2018/1/16	12.96	13.04	8.6	10.28	1599730048.00 
2018/1/15	13.42	14.83	12.92	12.94	806380992.00 
2018/1/14	16.17	16.17	13.31	13.44	1162419968.00 
2018/1/13	13.92	18.71	13.54	16.23	3379130112.00 
2018/1/12	11.4	15.34	10.78	13.75	2449370112.00 
2018/1/11	11.33	12.42	9.31	11.35	1161849984.00 
2018/1/10	9.33	11.63	8.68	11.34	1211789952.00 
2018/1/9	9.67	9.76	8.99	9.33	546937024.00 
2018/1/8	12.51	12.58	8.44	9.69	697174976.00 
2018/1/7	12.77	13.37	12.09	12.52	781497024.00 
2018/1/6	10.81	12.58	10.46	12.58	688819008.00 
2018/1/5	11.23	11.51	10.4	10.84	618755008.00 
2018/1/4	10.45	11.97	10.29	11.28	1204969984.00 
2018/1/3	9.32	10.23	8.85	10.23	529459008.00 
2018/1/2	8.91	9.78	8.91	9.33	552188992.00 
2018/1/1	8.77	9.11	8.51	8.84	331072992.00 
2017/12/31	8.51	8.97	8.44	8.77	312308000.00 
2017/12/30	9.46	9.5	8.35	8.56	499400000.00 
2017/12/29	9.6	9.87	9.22	9.44	448089984.00 
2017/12/28	10.54	10.57	8.41	9.57	478886016.00 
2017/12/27	9.83	10.81	9.79	10.56	530216000.00 
2017/12/26	9.77	10.1	9.63	9.82	336595008.00 
2017/12/25	8.2	9.81	7.92	9.77	337892992.00 
2017/12/24	8.51	8.56	7.26	8.14	192175008.00 
2017/12/23	7.97	9.48	7.95	8.48	233174000.00 
2017/12/22	10.66	10.67	6.69	7.84	612398016.00 
2017/12/21	11.96	13.18	10.08	10.6	349756000.00 
2017/12/20	12.45	12.6	10.37	11.99	775977024.00 
2017/12/19	9.24	12.9	9.23	12.38	1688240000.00 
2017/12/18	8.22	9.39	7.67	9.21	577649984.00 
2017/12/17	8.6	8.98	8.21	8.22	361464000.00 
2017/12/16	8.14	9.26	8.13	8.61	540462016.00 
2017/12/15	8.41	8.41	6.88	8.13	640457984.00 
2017/12/14	7.24	8.74	7.17	8.4	613600000.00 
2017/12/13	5.32	7.3	5.05	7.3	663820992.00 
2017/12/12	4.38	5.73	4.26	5.3	266450000.00 
2017/12/11	3.77	4.48	3.73	4.36	153155008.00 
2017/12/10	4.07	4.07	3.55	3.77	98890000.00 
2017/12/9	4.28	4.68	3.8	4.06	133142000.00 
2017/12/8	3.99	4.59	3.74	4.29	149508000.00 
2017/12/7	4.52	4.52	3.56	3.99	183666000.00 
2017/12/6	4.27	5.1	4.2	4.55	200252992.00 
2017/12/5	4.06	4.47	3.69	4.24	181418000.00 
2017/12/4	3.61	4.13	3.5	4.03	163900000.00 
2017/12/3	3.94	4.12	3.44	3.61	132280000.00 
2017/12/2	3.24	3.99	3.21	3.92	163479008.00 
2017/12/1	2.83	3.24	2.73	3.24	74402000.00 
2017/11/30	2.76	2.99	2.54	2.85	92059600.00 
2017/11/29	2.79	3.33	2.54	2.71	133125000.00 
2017/11/28	2.86	3.07	2.75	2.75	98904096.00 
2017/11/27	2.46	2.94	2.38	2.86	126962000.00 
2017/11/26	2.05	2.66	1.94	2.46	116846000.00 
2017/11/25	1.88	2.06	1.79	2.05	48591800.00 
2017/11/24	1.89	1.91	1.73	1.88	44111800.00 
2017/11/23	1.89	1.98	1.85	1.89	42235000.00 
2017/11/22	1.91	1.98	1.79	1.89	44297600.00 
2017/11/21	2	2.11	1.85	1.9	56022900.00 
2017/11/20	1.89	2.04	1.83	1.99	55477200.00 
2017/11/19	1.92	2.03	1.77	1.88	55081600.00 
2017/11/18	1.74	1.98	1.66	1.93	52951400.00 
2017/11/17	1.66	1.82	1.6	1.75	50782500.00 
2017/11/16	1.67	1.84	1.57	1.65	64675200.00 
2017/11/15	1.68	1.74	1.54	1.67	64150700.00 
2017/11/14	1.18	1.67	1.18	1.67	107326000.00 
2017/11/13	1.09	1.19	1.08	1.18	20848600.00 
2017/11/12	1.16	1.18	1.04	1.09	29229800.00 
2017/11/11	1.03	1.18	1.01	1.16	27539300.00 
2017/11/10	1.18	1.18	0.99488	1.03	23024200.00 
2017/11/9	1.13	1.21	1.13	1.18	24725800.00 
2017/11/8	0.95102	1.18	0.947023	1.13	37971000.00 
2017/11/7	0.921145	0.987035	0.921145	0.951407	16941200.00 
2017/11/6	1.07	1.07	0.914666	0.91695	26059800.00 
2017/11/5	1.11	1.16	0.985319	1.09	32996400.00 
2017/11/4	1.2	1.29	1.06	1.12	37546000.00 
2017/11/3	1.12	1.39	1.06	1.21	59247900.00 
2017/11/2	1.05	1.27	0.924324	1.12	68358600.00 
2017/11/1	0.785862	1.27	0.758617	1.05	74917400.00 
2017/10/31	0.712702	0.781782	0.672324	0.781782	16200000.00 
2017/10/30	0.667644	0.742194	0.646114	0.711433	20481800.00 
2017/10/29	0.536399	0.680899	0.536399	0.665881	19902600.00 
2017/10/28	0.522242	0.539194	0.521951	0.536368	5960600.00 
2017/10/27	0.518989	0.52354	0.502715	0.522118	4730120.00 
2017/10/26	0.50434	0.52974	0.502833	0.518944	5314240.00 
2017/10/25	0.514902	0.520106	0.497452	0.504073	5046620.00 
2017/10/24	0.49279	0.531023	0.482726	0.514935	7089410.00 
2017/10/23	0.517658	0.518657	0.480196	0.493225	6162350.00 
2017/10/22	0.526479	0.538859	0.504792	0.51797	5538990.00 
2017/10/21	0.540259	0.541115	0.512558	0.526792	7066060.00 
2017/10/20	0.566626	0.579606	0.540684	0.540684	6150650.00 
2017/10/19	0.545624	0.59005	0.544242	0.566708	8084770.00 
2017/10/18	0.554269	0.560554	0.514188	0.546006	7320330.00 
2017/10/17	0.562389	0.564163	0.544123	0.552144	6374050.00 
2017/10/16	0.571853	0.581349	0.561856	0.561856	6005900.00 
2017/10/15	0.58344	0.586516	0.563429	0.571914	6573060.00 
2017/10/14	0.584829	0.618572	0.578119	0.582836	6436220.00 
2017/10/13	0.591619	0.614803	0.56772	0.58397	8587370.00 
2017/10/12	0.610294	0.632223	0.584208	0.591723	8681880.00 
2017/10/11	0.556461	0.626727	0.552679	0.610223	8705650.00 
2017/10/10	0.557554	0.575712	0.548996	0.555214	7701180.00 
2017/10/9	0.603543	0.60398	0.547139	0.557142	6657950.00 
2017/10/8	0.587396	0.605634	0.577351	0.604501	5854700.00 
2017/10/7	0.599816	0.604416	0.572312	0.588553	6250760.00 
2017/10/6	0.606706	0.608968	0.591342	0.599844	6785670.00 
2017/10/5	0.599336	0.620752	0.57553	0.606157	8038660.00 
2017/10/4	0.631988	0.634008	0.585308	0.601539	5449300.00 
2017/10/3	0.652812	0.668738	0.616319	0.63123	7114830.00 
2017/10/2	0.707986	0.714239	0.636093	0.654973	8299880.00 
2017/10/1	0.721765	0.725224	0.674128	0.70776	8938190.00 
2017/9/30	0.718682	0.752134	0.714021	0.721609	10179600.00 
2017/9/29	0.816964	0.835309	0.704876	0.717272	15499400.00 
2017/9/28	0.63294	0.816737	0.630716	0.815693	22672400.00 
2017/9/27	0.560208	0.636917	0.5575	0.633043	11395600.00 
2017/9/26	0.570981	0.584476	0.552298	0.561128	5789570.00 
2017/9/25	0.546514	0.574288	0.543055	0.570774	5592430.00 
2017/9/24	0.580243	0.582995	0.546018	0.546274	7534280.00 
2017/9/23	0.57079	0.594251	0.56001	0.576697	4809880.00 
2017/9/22	0.547718	0.579056	0.534403	0.569846	4556540.00 
2017/9/21	0.615818	0.615818	0.544907	0.546153	6972060.00 
2017/9/20	0.651858	0.654721	0.612827	0.612827	6087520.00 
2017/9/19	0.708194	0.708576	0.6476	0.653363	5520750.00 
2017/9/18	0.650438	0.706701	0.650438	0.704878	9065170.00 
2017/9/17	0.624291	0.667683	0.577502	0.648592	8685770.00 
2017/9/16	0.666501	0.685285	0.606857	0.627565	5602950.00 
2017/9/15	0.60337	0.683713	0.52467	0.664289	13121900.00 
2017/9/14	0.727394	0.754454	0.573316	0.603217	13131300.00 
2017/9/13	0.841224	0.841224	0.671642	0.728994	12370500.00 
2017/9/12	0.730094	0.853169	0.728287	0.836077	15475800.00 
2017/9/11	0.739553	0.752968	0.715178	0.730869	7763470.00 
2017/9/10	0.793394	0.811077	0.707969	0.739763	9494440.00 
2017/9/9	0.83378	0.834185	0.752267	0.791608	10281100.00 
2017/9/8	0.977746	0.977746	0.771229	0.832764	18650200.00 
2017/9/7	0.921946	1	0.853389	0.977272	22912100.00 
2017/9/6	0.891735	1.07	0.853005	0.914359	26208300.00 
2017/9/5	0.848252	0.918675	0.712454	0.883708	30273900.00 
2017/9/4	1.25	1.25	0.792624	0.850526	43045400.00 
2017/9/3	1.24	1.29	1.18	1.25	22618600.00 
2017/9/2	1.3	1.43	1.19	1.23	38741300.00 
2017/9/1	1.3	1.33	1.26	1.3	25853000.00 
2017/8/31	1.23	1.33	1.22	1.3	22926100.00 
2017/8/30	1.31	1.33	1.19	1.23	24068700.00 
2017/8/29	1.34	1.35	1.31	1.31	18993200.00 
2017/8/28	1.35	1.36	1.32	1.34	18414400.00 
2017/8/27	1.36	1.37	1.34	1.35	18124100.00 
2017/8/26	1.38	1.39	1.35	1.36	16466000.00 
2017/8/25	1.38	1.43	1.35	1.38	20444500.00 
2017/8/24	1.41	1.42	1.35	1.38	18034600.00 
2017/8/23	1.29	1.53	1.28	1.41	36567800.00 
2017/8/22	1.34	1.34	1.26	1.28	23774300.00 
2017/8/21	1.37	1.38	1.33	1.34	20152300.00 
2017/8/20	1.4	1.42	1.36	1.37	15673200.00 
2017/8/19	1.42	1.44	1.32	1.4	24769900.00 
2017/8/18	1.54	1.54	1.4	1.42	26841700.00 
2017/8/17	1.6	1.61	1.52	1.55	25713300.00 
2017/8/16	1.64	1.64	1.59	1.6	24022000.00 
2017/8/15	1.66	1.81	1.59	1.65	58304700.00 
2017/8/14	1.61	1.67	1.54	1.66	39205300.00 
2017/8/13	1.67	1.68	1.58	1.62	40514200.00 
2017/8/12	1.79	1.82	1.66	1.67	38131800.00 
2017/8/11	1.83	1.87	1.77	1.79	49178400.00 
2017/8/10	1.83	1.89	1.83	1.83	43519300.00 
2017/8/9	1.88	1.95	1.81	1.83	36813700.00 
2017/8/8	1.81	2.04	1.79	1.88	76270800.00 
2017/8/7	1.73	1.83	1.71	1.81	46022400.00 
2017/8/6	1.9	1.9	1.72	1.74	38436700.00 
2017/8/5	1.8	1.98	1.76	1.91	52324800.00 
2017/8/4	1.8	1.85	1.8	1.81	34183300.00 
2017/8/3	1.78	1.81	1.75	1.8	25878000.00 
2017/8/2	1.78	1.82	1.76	1.78	28880800.00 
2017/8/1	1.75	1.81	1.68	1.78	39175500.00 
2017/7/31	1.77	1.79	1.71	1.74	29657700.00 
2017/7/30	1.83	1.84	1.71	1.78	27580200.00 
2017/7/29	1.83	1.84	1.66	1.83	44021100.00 
2017/7/28	1.96	2.01	1.85	1.85	64730400.00 
2017/7/27	1.75	1.98	1.73	1.95	69371696.00 
2017/7/26	1.64	1.74	1.47	1.74	48693200.00 
2017/7/25	1.88	1.89	1.55	1.65	42547000.00 
2017/7/24	1.88	1.95	1.82	1.87	36585400.00 
2017/7/23	1.96	2.14	1.74	1.87	60205000.00 
2017/7/22	1.82	2	1.81	1.96	41809000.00 
2017/7/21	1.76	2.02	1.73	1.82	58164900.00 
2017/7/20	1.57	1.76	1.57	1.74	45949800.00 
2017/7/19	1.7	1.79	1.54	1.56	55057600.00 
2017/7/18	1.54	1.75	1.48	1.7	58108000.00 
2017/7/17	1.25	1.57	1.25	1.54	62295100.00 
2017/7/16	1.29	1.35	1.19	1.25	30802800.00 
2017/7/15	1.55	1.55	1.3	1.3	34208800.00 
2017/7/14	1.73	1.77	1.54	1.55	41025200.00 
2017/7/13	2.08	2.13	1.71	1.74	51203900.00 
2017/7/12	1.64	2.09	1.54	2.07	104621000.00 
2017/7/11	1.79	1.82	1.42	1.66	111023000.00 
2017/7/10	2.25	2.39	1.72	1.83	79608800.00 
2017/7/9	2.6	2.69	2.19	2.29	87525104.00 
2017/7/8	2.82	2.9	2.09	2.59	151162000.00 
2017/7/7	3.35	3.35	2.71	2.8	96596496.00 
2017/7/6	3.01	3.87	3.01	3.36	177463008.00 
2017/7/5	3.36	3.52	2.73	3	124339000.00 
2017/7/4	4.1	4.19	2.93	3.37	218559008.00 
2017/7/3	2.72	5.4	2.63	4.09	414950016.00